20
 1336 Santoro 8 2 1349 3780 661
 1940 Lucchi 1 4 2232 11686 1322
 1966 Ossati 2 18 2203 11552 2644
 2704 Guido 3 17 2953 10150 2644
 2996 Casella 19 10 3312 10301 661
 3096 Caporilli 3 11 3523 9642 1322
 4159 Pierucci 10 19 4173 5159 661
 4964 VonOppen 6 16 5347 9796 3305
 5380 Riboloni 16 7 5913 12807 1983
 5705 Cannizzaro 6 5 6160 7228 661
 6499 Trombino 6 14 6731 12743 661
 6853 D'Amico 12 15 7583 11871 3305
 8138 Lombardi 13 18 8443 13253 1322
10117 Sorrentino 5 4 10357 14001 661
10413 Carrara 18 11 10446 11856 3305
11362 Deiana 17 11 11413 13536 3305
11450 Jianu 2 10 11794 12548 1983
11799 Caraballo 12 20 11801 14056 3305
12072 Ciampaglia 3 16 12614 13272 1322
12642 Bassolino 8 3 12788 13868 3305
