20
  595 Fontanella 8 6 856 9789 2925
 3580 DiRenna 14 11 3659 10885 2340
 4576 Capitani 17 11 4748 8091 1755
 4638 Coluccio 8 18 4713 13056 2340
 5283 Haryadi 8 11 5312 6124 1170
 6128 Brunetto 19 14 6509 8487 2925
 6445 Campana 14 5 6542 11109 1170
 6607 DeSanti 12 10 6974 8761 1755
 6898 Zandoli 8 16 6957 9588 2925
 7101 Perrone 4 18 7261 8738 2340
 7157 Zito 9 17 8109 11970 1755
 7922 Serban 20 4 8127 12000 1170
 8147 Moiano 15 20 8631 9724 1755
 8862 Ciervo 10 14 9411 10450 1170
 8964 Satta 15 5 9410 11194 1170
 9486 Orlandi 12 4 10130 11269 1755
10468 Mussinelli 9 10 10621 12515 2340
10574 Abu 9 4 10574 12541 2925
11435 Freschi 7 4 12082 13626 585
11705 Cagnotti 6 12 11972 13343 585
