50
  443 Bellinzoni 41 16 585 8571 2088
  813 Lorusso 6 8 1025 13338 1566
 1717 Covato 4 5 1812 6210 2610
 3650 Mathlouthi 50 10 3948 11584 2610
 3720 Baroni 3 45 4404 10277 1044
 4200 Vanni 29 41 4418 23081 2610
 4566 DiSipio 17 29 4976 10470 1566
 5093 Zuccherelli 43 38 5097 14019 522
 5941 Marini 15 20 6081 20661 522
 6062 DiPaolo 45 10 6144 24590 1566
 6422 Gentile 7 12 6599 7200 522
 6818 Santini 30 42 7057 28694 1044
 7518 Bruno 50 44 7663 9015 522
 8404 Sarpieri 33 14 8411 18619 1044
 8880 Vidanalage 33 19 9133 26318 522
 9296 Zolea 9 3 9323 26859 1566
10912 Neri 24 41 11261 17006 1044
11212 Niane 24 23 11710 23639 1044
11839 Meucci 37 20 11885 15037 2088
14459 Farina 44 11 14742 21594 522
15071 Forcina 29 2 15240 16648 1566
15273 Gatto 33 39 15275 20682 2088
15984 Bonomo 39 41 16002 23525 2088
17519 Villani 21 22 18262 27071 2088
17854 Curcio 44 2 18429 24119 1044
18281 Pezzuco 34 27 18305 25846 1044
18296 Giorgi 50 1 18378 25658 2610
19288 Giuliani 4 45 19498 23149 2610
19418 Marchini 21 31 19717 22116 1044
19574 Bellini 42 40 19835 26624 1044
20104 Boschi 7 1 20301 23042 1044
20498 Mauro 33 17 20538 22251 2088
23561 Mascali 49 9 23649 27100 2610
23658 Villa 9 32 23855 27598 522
23962 Riboloni 14 24 24478 26263 522
24307 Balloni 47 45 24581 25843 522
24365 Ferretti 37 3 24403 26632 522
24646 Donati 1 41 24914 26997 2088
25081 Delgadillo 7 44 25388 28706 1566
25169 Steffanina 45 13 25673 28049 2610
25331 Mohammed 4 49 25593 28726 1044
25397 Lattanzi 9 11 25464 26759 1044
25591 Morselli 21 37 25820 27785 2610
26063 Piccoli 50 20 26215 27099 522
26514 Giurgola 17 23 26685 28299 2610
26696 Ghini 6 13 26943 27732 1566
26723 Ciarla 40 38 26884 28273 2610
26837 Arlati 43 30 27225 27799 522
27149 Colongi 6 45 27825 28699 522
27189 Conti 45 22 27235 27848 1566
