50
  266 Acunzo 10 38 381 4507 1683
  507 Nurul 38 41 589 3354 1122
 3157 Assal 35 1 3391 8937 2244
 3481 Planta 33 48 3746 20232 561
 3888 Pelo 15 36 4076 21350 1122
 4893 Tulli 7 50 4993 25421 1122
 5913 Napolitano 23 4 6435 16820 1122
 5974 Piro 23 39 6120 7228 2244
 6051 Ricciolino 36 18 6875 17464 1683
 7395 DelAguila 44 9 7621 25077 2805
 7722 Zamberlan 20 4 7740 18648 2244
 7775 Boubaker 35 39 8023 9737 561
 8197 Clesceri 35 4 8453 18523 2244
 8477 Conte 19 40 8499 25321 1683
10020 LaBella 50 45 10826 28769 1122
10252 Curcio 13 35 10501 27287 1683
10988 Disabato 39 4 11079 27460 561
11281 Lena 49 43 11666 15835 2244
11800 Grimaldi 39 1 12082 24542 1122
12914 Ciampaglia 28 45 13071 19006 1683
13038 Colombo 31 36 13050 23868 1683
13094 Barruga 10 43 13842 24368 1122
13139 Accadia 10 24 13750 15983 1683
13336 DiMario 35 37 13338 16947 2244
13934 Colombo 22 38 14027 18151 2244
14502 Balta 6 23 14571 25997 2805
14702 Valente 9 29 15331 24448 561
15139 Grassi 3 35 15150 25874 1683
15584 Crognale 10 50 16027 18135 1122
16137 Trasforini 6 45 16270 20975 2244
16646 Cardinetti 16 1 16820 18172 561
16695 Scotti 31 3 17311 22466 2805
17617 DiBenimeo 7 28 17950 26287 2244
17926 Rocchi 33 8 18549 20178 2244
18787 Diacetti 43 16 18856 28368 2805
20681 Iuliano 32 31 20690 28744 561
20909 Bellaneve 49 18 20928 26821 2244
20938 Valvano 18 47 21083 25094 2244
21341 Fontana 33 6 21622 25706 561
21623 Campana 6 42 21689 24537 2244
22098 Buongrazio 44 22 22412 26326 1683
22466 Milani 50 8 22539 24008 1122
24254 Bartolini 13 8 24255 26287 1683
24452 Latini 47 24 24698 28073 2244
24790 Moukrim 39 8 25196 27697 1122
25573 Zolea 38 50 25656 28201 1122
25781 DeSimoni 35 38 25818 27135 1122
26323 Boschi 47 38 26751 27801 2805
27899 DeFreitas 34 20 27953 28761 1683
28165 Castelli 15 6 28246 28594 1683
