100
  423 Fumagalli 28 33 1398 9432 2268
  487 Campanella 80 75 1149 19827 2835
  754 Nuti 45 85 970 22843 1134
 1321 Coulier 12 46 1466 25865 567
 1844 Veneziani 35 90 2031 18110 2835
 2079 Bellino 41 75 2432 5339 1134
 2249 Piccoli 4 82 2384 21225 567
 2579 Assal 3 1 3089 9657 567
 2716 Borrelli 39 1 3036 8072 1701
 2752 Berardi 41 33 2816 6944 1134
 2788 Fico 17 82 3436 7894 1701
 2942 Nurul 100 90 2969 17261 567
 3057 Sorrentino 85 37 3484 7777 2835
 3354 Vannozzi 98 80 4214 8646 1701
 4348 Bentivegna 15 77 4589 5244 567
 4506 Piras 27 4 4567 8688 2268
 5347 Romanotti 93 42 6209 11652 2835
 5488 Parravani 28 66 5584 16291 567
 5489 Sestito 29 72 5679 13425 2268
 5505 Basili 91 96 6478 13431 567
 5991 Martinotti 11 88 6663 27269 1701
 6281 Sorbalo 72 80 6285 19165 1701
 6904 Panichi 83 23 7046 24844 2268
 7228 Rotella 49 90 7272 10420 567
 8113 Montanari 30 21 8636 24855 2268
 8372 Carina 7 33 8625 10349 567
 8468 Minestrini 18 67 8897 16180 1701
 8511 Mezzogori 56 43 8879 21677 567
 8766 Poli 69 74 9050 25294 1701
 8794 Eichenberger 96 97 8996 21384 1134
 8902 Wenz 65 15 9019 9835 2835
 9932 Pagano 87 22 10873 19472 567
10506 Lacerenza 66 62 10670 21814 2268
10553 DiPaolo 50 98 10910 14594 1134
10682 Lelli 88 51 10874 16818 2835
10741 Fassbender 85 93 10975 21595 1701
10794 Ferrara 85 98 10926 15516 1134
10843 Mena 83 89 11212 15019 1134
11002 Clesceri 36 18 11349 26420 1134
11127 Moiano 66 3 11710 25578 2268
11156 Rinaldi 15 52 11280 14202 2268
11289 Apreda 22 85 11575 27383 2268
11409 Andruccioli 31 21 11416 28443 1701
11929 Santini 2 22 12417 17311 2835
12357 Sartorio 66 39 13029 24715 567
12458 Zito 50 71 12571 27615 2268
12832 Giurgola 52 92 13224 26526 2268
13172 Silvestri 64 21 13355 14771 2835
13530 DeLuca 71 70 14043 26674 1134
13563 Pucciotti 43 24 13580 22583 1701
13886 Coluccio 50 79 14242 22340 1701
14201 Conte 30 49 14314 26395 567
14535 Lucchi 69 38 14579 24724 567
14590 DePeppe 43 19 14591 20445 2268
14961 Barbieri 30 7 15348 20767 2268
15184 Donatello 22 62 15501 19683 2835
15890 Diacetti 21 69 16264 23799 2835
16236 Luzietti 16 86 16249 21949 2835
16593 Rossetti 84 54 16875 26361 567
16870 Sbreni 74 71 16995 26415 2835
16920 Marano 63 56 16994 21996 567
17468 Pal 76 91 18291 27048 567
17596 Salvini 30 96 17769 20544 1134
18053 Bianchi 98 71 18723 21646 1701
18549 Steffenoni 99 11 18595 28249 567
18847 Mugione 44 39 18922 23252 1701
19122 DiBenimeo 11 25 19203 28424 1134
19178 Charaf 93 82 20108 23077 567
19287 Mussinelli 63 62 19395 24281 567
19616 Galli 1 3 20220 28751 2268
20415 Nizzi 13 26 20579 26419 2268
20834 Angelicchio 58 60 20902 24717 567
20871 Rosata 44 18 21385 24191 2268
21057 DiCarlo 86 78 21256 21746 2835
21536 Chiricozzi 71 35 22250 24054 1701
22234 Piro 35 20 22391 27597 2835
22298 Bellini 82 6 22870 26225 2268
22436 Lippi 5 14 22675 23743 1701
22581 Ricciardi 17 72 23217 27298 1134
22865 Salamone 9 83 22996 25858 1134
23346 Iacobelli 71 48 23432 24833 2835
23554 Ermeti 35 73 23614 25179 2268
24194 Soldati 86 34 24552 25547 2835
24244 DiLena 46 87 24686 26792 1701
24316 Piga 75 76 24756 26761 2268
24425 Tomassi 98 60 24655 25746 2835
24705 Apa 66 72 24870 25882 2835
24717 Fusini 1 77 25254 28034 2835
25480 Speziale 70 97 25642 27211 1134
25571 Ranucci 34 91 26264 28163 2268
25686 Moukrim 80 50 25867 27692 2835
25695 Accadia 58 1 25921 27784 2268
25770 Sasvari 64 92 26392 28357 2835
26143 Corrado 23 45 26520 27118 2835
26558 Dorascenzi 83 55 27010 28654 2835
26789 Ciervo 92 72 27253 28715 2835
27261 Antosh 36 18 27585 28675 2835
27452 Zak 90 53 27605 28073 1134
27671 Renzulli 48 77 27995 28661 2835
27974 D'Amora 35 93 28295 28784 1701
