100
  365 Santucci 78 31 403 4397 2304
  520 Croce 24 27 944 12208 2880
  658 Pierucci 72 58 976 24893 576
  746 Wilmer 38 97 1037 9331 1728
  893 Bonomo 96 25 1092 27264 1152
  893 Borghini 40 82 1758 13884 1728
  990 Panza 27 72 1534 28439 1728
 1601 Romano 41 33 2305 21365 2304
 2559 Ghini 76 63 2668 6472 1728
 2631 Ianne 11 28 2705 21034 1728
 2680 Caldironi 63 67 3073 5856 1728
 3512 Placidi 74 13 3527 17425 2880
 3723 Battaglia 38 88 3737 11561 2304
 3773 Guido 90 94 4009 11402 1152
 3858 Carpi 8 25 4103 21680 1728
 3911 Medda 19 92 4164 5323 2304
 4096 Grasso 22 97 4248 26562 1728
 4356 Fortini 66 99 5129 14040 2880
 4504 Palumbo 29 8 4574 13746 2880
 4716 Riccati 67 53 5183 26041 1152
 4848 Giurgola 50 77 5593 14103 2304
 5175 Kamal 52 69 5599 12500 576
 5236 DiMaio 17 83 5440 10248 1728
 5368 Orlandi 87 8 5717 28637 1152
 5593 Grassi 10 67 6107 16394 1728
 5637 Linzi 39 5 5716 6396 2304
 5677 Rainesi 80 83 6339 21299 576
 6253 Tarozzi 39 68 6624 14297 576
 6420 Hossain 34 20 6914 12456 576
 6438 Mohammed 45 94 7047 24015 576
 6700 Monaco 27 8 6922 9913 576
 7100 Assal 78 7 7225 18393 1728
 7328 Ruggieri 96 72 7511 11548 2880
 7381 Sgrigna 98 81 7877 16470 576
 7464 Fazi 80 62 8346 19358 1728
 7636 Mussinelli 50 15 7825 8685 2880
 7782 Trombino 2 99 8216 14497 1152
 7925 Vannozzi 65 72 8372 10845 576
 8065 Domenicali 79 25 8879 22898 2880
 8153 Gagliardi 45 48 8785 21525 2880
 8278 Contento 24 67 8528 28594 2304
 8436 DeDomenico 28 41 8565 21660 1728
 8553 Arlati 89 80 8558 26081 1728
 9042 Volpe 63 3 9281 16966 576
 9050 DiSanto 57 40 9397 14645 1728
 9588 Silvestri 72 83 9659 15397 1728
 9627 LaSorda 51 53 9850 21356 2880
 9799 Zurzolo 40 15 10086 22803 1152
 9874 Clesceri 49 59 10148 26950 576
 9894 Tosolini 47 35 10443 27566 1152
10430 Luzzi 69 97 10654 22709 1152
10534 Lazazzera 26 35 10711 27959 2304
11160 Ruggeri 56 100 11420 18819 2304
11718 Pellegrini 22 46 11882 15587 2304
12279 Moro 20 92 12299 14775 1728
12518 Contiu 14 10 13347 25268 1152
12554 Zepponi 71 67 12743 22561 2880
12715 Magalotti 22 44 13352 21952 1728
12818 Caccamo 89 93 12951 18854 1152
13653 Mele 18 7 14221 28208 2880
13852 Carrara 65 95 14308 17870 576
14111 Coluccia 7 26 14447 19737 1152
14173 Trasforini 42 14 14409 26773 2304
14551 Kosek 10 7 14845 18581 1152
14816 Benhadda 81 26 14871 15728 576
14907 Balta 22 39 15286 25637 2880
14948 Zanetti 89 62 15429 27769 2304
16110 Paglia 22 87 16654 20568 1152
16313 Santana 62 67 16785 28785 1152
16339 DiMario 14 78 16663 26728 1152
16525 Jagmin 59 100 16900 25214 1728
17675 Laurenti 13 19 17723 21979 1152
17705 Patruno 38 26 17835 23669 2304
17788 Coluccio 43 66 18223 23722 576
18230 Tronconi 11 79 18269 21586 2304
18535 Deiana 6 78 18723 22384 1728
19160 Capelli 45 14 19270 23223 1728
19674 Campana 37 91 20514 27205 1728
19711 Romeo 52 51 20572 22108 1728
20085 Zaccaria 74 61 20108 24188 1152
20318 Maldini 23 48 20524 24496 1152
20383 Pacini 52 1 21205 25787 1152
21366 Marini 26 27 21461 25795 2304
21835 Boes 83 18 22131 28162 1728
21899 Pulsoni 98 79 22494 26053 2880
22419 Bianco 41 100 22655 25184 1152
22689 Aiello 61 81 23096 23996 576
22754 Clementucci 100 40 22925 27522 576
23106 Zamberlan 33 68 23322 23577 1152
23206 Siapian 6 29 23554 27904 2880
23462 Ferrario 94 75 23497 25151 2304
23695 Guidi 48 27 24183 27443 2880
23907 Albanesi 75 3 24603 26567 576
25658 Marchetti 37 2 25807 28551 1728
26133 DeSimone 16 26 26883 28760 2304
26213 Zanella 93 32 26542 28432 576
26508 Ferrero 57 88 26519 28364 2304
26967 Succi 64 95 26981 28050 576
27870 Baragliu 55 1 27987 28312 576
27902 DiLena 30 12 27925 28415 2880
